chr1	195471971	0	0
chr10	130694993	0	0
chr11	122082543	0	0
chr12	120129022	0	0
chr13	120421639	0	0
chr14	124902244	0	0
chr15	104043685	0	0
chr16	98207768	0	0
chr17	94987271	0	0
chr18	90702639	0	0
chr19	61431566	0	0
chr1_GL456210_random	169725	0	0
chr1_GL456211_random	241735	0	0
chr1_GL456212_random	153618	0	0
chr1_GL456213_random	39340	0	0
chr1_GL456221_random	206961	0	0
chr2	182113224	0	0
chr3	160039680	0	0
chr4	156508116	0	0
chr4_GL456216_random	66673	0	0
chr4_JH584292_random	14945	0	0
chr4_GL456350_random	227966	0	0
chr4_JH584293_random	207968	0	0
chr4_JH584294_random	191905	0	0
chr4_JH584295_random	1976	0	0
chr5	151834684	0	0
chr5_JH584296_random	199368	0	0
chr5_JH584297_random	205776	0	0
chr5_JH584298_random	184189	0	0
chr5_GL456354_random	195993	0	0
chr5_JH584299_random	953012	0	0
chr6	149736546	0	0
chr7	145441459	0	0
chr7_GL456219_random	175968	0	0
chr8	129401213	0	0
chr9	124595110	0	0
chrM	16299	0	0
chrX	171031299	0	0
chrX_GL456233_random	336933	0	0
chrY	91744698	0	0
chrY_JH584300_random	182347	0	0
chrY_JH584301_random	259875	0	0
chrY_JH584302_random	155838	0	0
chrY_JH584303_random	158099	0	0
chrUn_GL456239	40056	0	0
chrUn_GL456367	42057	0	0
chrUn_GL456378	31602	0	0
chrUn_GL456381	25871	0	0
chrUn_GL456382	23158	0	0
chrUn_GL456383	38659	0	0
chrUn_GL456385	35240	0	0
chrUn_GL456390	24668	0	0
chrUn_GL456392	23629	0	0
chrUn_GL456393	55711	0	0
chrUn_GL456394	24323	0	0
chrUn_GL456359	22974	0	0
chrUn_GL456360	31704	0	0
chrUn_GL456396	21240	0	0
chrUn_GL456372	28664	0	0
chrUn_GL456387	24685	0	0
chrUn_GL456389	28772	0	0
chrUn_GL456370	26764	0	0
chrUn_GL456379	72385	0	0
chrUn_GL456366	47073	0	0
chrUn_GL456368	20208	0	0
chrUn_JH584304	114452	0	0
H1	93	0	0
H2	93	0	0
SQC	88	0	0
SQ4mC	88	0	0
SQ2hmC	88	0	0
HMCPv2	174	0	0
pUC19	2694	605	0
Lambda	48510	520	0
*	0	0	0
