chr1	195471971	66832	1
chr10	130694993	43948	4
chr11	122082543	41201	3
chr12	120129022	40080	3
chr13	120421639	40817	1
chr14	124902244	42859	1
chr15	104043685	34804	0
chr16	98207768	32889	2
chr17	94987271	31536	2
chr18	90702639	30598	2
chr19	61431566	20048	0
chr1_GL456210_random	169725	49	0
chr1_GL456211_random	241735	54	0
chr1_GL456212_random	153618	37	0
chr1_GL456213_random	39340	11	0
chr1_GL456221_random	206961	45	0
chr2	182113224	83111	3
chr3	160039680	55158	1
chr4	156508116	52221	2
chr4_GL456216_random	66673	59	0
chr4_JH584292_random	14945	7	0
chr4_GL456350_random	227966	6	0
chr4_JH584293_random	207968	4	0
chr4_JH584294_random	191905	14	0
chr4_JH584295_random	1976	0	0
chr5	151834684	49638	0
chr5_JH584296_random	199368	3	0
chr5_JH584297_random	205776	9	0
chr5_JH584298_random	184189	6	0
chr5_GL456354_random	195993	13	0
chr5_JH584299_random	953012	92	0
chr6	149736546	52777	3
chr7	145441459	46962	2
chr7_GL456219_random	175968	17	0
chr8	129401213	42439	3
chr9	124595110	62162	5
chrM	16299	629	0
chrX	171031299	32282	4
chrX_GL456233_random	336933	72	0
chrY	91744698	5485	0
chrY_JH584300_random	182347	6	0
chrY_JH584301_random	259875	4	0
chrY_JH584302_random	155838	0	0
chrY_JH584303_random	158099	12	0
chrUn_GL456239	40056	24	0
chrUn_GL456367	42057	18	0
chrUn_GL456378	31602	40	0
chrUn_GL456381	25871	16	0
chrUn_GL456382	23158	4	0
chrUn_GL456383	38659	229	0
chrUn_GL456385	35240	15	0
chrUn_GL456390	24668	168	0
chrUn_GL456392	23629	804	0
chrUn_GL456393	55711	165	0
chrUn_GL456394	24323	14	0
chrUn_GL456359	22974	8	0
chrUn_GL456360	31704	12	0
chrUn_GL456396	21240	185	0
chrUn_GL456372	28664	5	0
chrUn_GL456387	24685	30	0
chrUn_GL456389	28772	180	0
chrUn_GL456370	26764	13	0
chrUn_GL456379	72385	12	0
chrUn_GL456366	47073	12	0
chrUn_GL456368	20208	10	0
chrUn_JH584304	114452	14862	1
H1	93	0	0
H2	93	0	0
SQC	88	0	0
SQ4mC	88	0	0
SQ2hmC	88	0	0
HMCPv2	174	0	0
pUC19	2694	0	0
Lambda	48510	0	0
*	0	0	116918
